55,9
0,339
0,338
0,337
0,336
0,335
0,334
0,333
55,8
0,332
55,7
55,6
55,5
69,319
69,318
69,317
69,316
69,315
69,314
69,313
69,312
69,311
69,310
69,309
69,308
69,307
69,306
69,305
69,304
69,303
69,302
69,301
69,300
69,299
69,298
69,297
69,296
69,295
69,294
69,293
69,292
69,291
69,290
69,289
69,288
69,287
69,286
69,285
69,284
69,283
69,282
69,281
69,280
69,279
69,278
69,277
69,276
69,275
69,274
69,273
69,272
69,271
69,270
69,269
69,268
69,267
69,266
69,265
69,264
69,263
69,262
69,261
69,260
69,259
69,258
69,257
69,256
69,204
69,203
69,202
69,201
69,200
69,199
69,198
69,197
69,196
69,195
69,194
69,193
69,192
69,191
69,190
69,189
69,188
69,187
69,186
69,185
69,184
69,183
69,182
69,181
69,180
69,179
69,178
69,177
69,176
69,175
69,174
69,173
69,172
69,171
69,170
69,169
69,168
69,167
69,166
69,165
69,164
69,163
69,162
69,161
69,160
69,159
69,158
69,157
69,156
69,155
69,154
69,153
69,152
69,151
69,150
69,149
69,148
69,147
69,146
69,145
69,144
69,143
69,142
69,141
69,140
69,139
69,138
69,137
69,136
69,135
69,134
69,133
69,132
69,131
69,130
69,129
69,128
69,67
69,66
69,65
69,64
69,63
69,62
69,61
69,60
69,59
69,58
69,57
69,56
69,55
69,54
69,53
69,52
69,51
69,50
69,49
69,48
69,47
69,46
69,45
69,44
69,43
69,42
69,41
69,40
69,39
69,38
69,37
69,36
69,35
54,437
8,3
0,395
54,436
54,433
54,431
54,428
54,427
54,426
54,425
54,424
54,422
54,420
54,418
54,416
54,415
54,414
54,412
54,411
54,410
54,409
54,408
54,406
54,405
54,403
54,402
54,399
54,398
54,397
54,395
54,394
12,2
12,1
54,392
12,3
54,391
54,389
54,387
54,385
54,384
54,377
54,376
54,375
54,373
54,372
54,369
54,367
54,366
54,364
54,363
54,362
54,361
54,359
54,358
54,356
54,355
54,352
54,351
54,350
54,348
54,347
54,345
54,343
54,341
54,340
54,338
54,334
54,332
54,330
54,329
54,327
54,324
54,322
54,320
54,310
54,305
54,303
54,300
54,299
54,298
54,295
54,294
54,292
54,289
54,286
54,283
54,282
54,281
54,280
54,279
54,275
54,273
54,269
54,266
54,263
54,261
54,260
54,258
54,256
54,242
54,240
54,236
54,232
54,231
54,230
20,2
20,1
54,228
54,226
20,3
54,224
54,221
54,220
54,217
54,216
54,213
19,2
19,1
54,209
54,208
19,3
54,204
54,201
54,198
54,196
54,192
54,181
54,178
54,175
54,170
54,167
54,164
54,161
54,160
54,158
54,155
54,151
54,146
54,142
54,139
54,136
54,134
54,130
54,128
54,115
54,112
18,1
54,109
18,3
54,106
54,101
54,97
14,1
54,93
14,3
13,1
54,88
54,83
13,3
54,78
54,75
54,72
54,67
54,64
54,37
54,36
54,34
54,30
54,26
54,20
54,16
54,13
54,11
54,9
54,8
54,1
54,7
2,2
2,1
54,3
53,1
53,3
2,3
53,2
0,331
0,330
0,329
0,328
0,327
0,326
0,273
0,270
0,0
69,34
69,33
69,32
69,31
69,30
69,29
69,28
69,27
69,26
69,25
69,24
69,23
69,22
69,21
69,20
69,19
69,18
69,17
69,16
69,15
69,14
69,13
69,12
69,11
69,10
69,9
69,8
69,7
69,6
69,5
69,4
69,3
69,2
69,0
0,276
0,275
0,272
0,271
0,12
0,394
0,10
0,8
0,575
0,431
0,268
0,574
0,430
0,267
0,429
0,428
0,266
0,572
0,427
0,265
0,571
0,264
0,573
0,263
0,570
0,426
0,262
0,525
0,425
0,261
0,569
0,568
0,260
0,567
0,566
0,259
0,565
0,564
0,258
0,563
0,424
0,257
0,423
0,256
0,422
0,255
0,421
0,420
0,254
0,322
0,419
0,253
0,321
0,562
0,252
0,320
0,561
0,251
0,554
0,524
0,250
0,523
0,418
0,249
0,559
0,417
0,248
0,560
0,247
0,558
0,557
0,246
0,556
0,522
0,245
0,555
0,416
54,438
54,448
8,5
54,449
8,15
54,451
8,12
8,10
54,452
54,460
54,461
54,465
9,3
54,468
54,471
54,472
9,2
54,477
54,479
54,484
54,485
54,488
54,489
9,5
9,7
54,494
54,497
54,499
54,513
54,514
11,3
54,520
54,521
11,5
54,522
11,1
54,524
54,525
54,528
54,529
54,533
54,535
54,536
54,540
54,542
11,15
11,19
54,546
54,551
54,552
54,555
54,557
54,561
54,564
54,576
10,3
54,579
54,582
54,584
10,77
10,1
10,211
54,591
54,593
10,23
54,598
54,600
54,603
10,181
54,606
54,607
54,610
10,81
54,614
54,617
54,618
10,5
54,620
54,621
54,624
54,625
54,631
54,632
54,642
54,646
54,647
54,649
54,650
54,653
54,656
54,658
54,663
54,664
54,666
54,668
54,669
54,673
54,674
54,677
54,678
54,680
54,682
54,685
54,687
54,689
54,692
54,704
54,705
54,707
54,709
54,712
54,713
54,715
54,718
54,720
54,723
54,724
54,728
3,3
3,1
54,731
54,734
54,738
54,739
54,741
54,744
54,745
54,748
54,751
54,754
54,757
54,768
54,772
54,773
54,776
54,778
54,782
54,785
54,786
54,788
54,789
54,794
54,796
54,797
54,803
54,805
54,807
54,811
54,812
54,815
54,817
54,819
54,820
54,823
54,825
54,832
54,835
54,836
54,838
54,841
54,842
54,844
54,846
54,849
54,851
54,856
54,858
54,860
54,864
54,866
54,869
54,873
54,874
